35.41853880882263
34.89751601219177
34.68187189102173
34.80142402648926
34.76995086669922
34.712666749954224
34.49152874946594
35.03450393676758
34.99951100349426
34.889729022979736
34.613539695739746
35.830941915512085
34.723893880844116
34.934661865234375
34.91926693916321
34.6383638381958
34.6751127243042
34.82602906227112
35.1393518447876
34.952852964401245
34.69751691818237
34.75185990333557
35.4014778137207
34.89727282524109
35.44106483459473
35.996427059173584
34.732048749923706
35.63632273674011
34.79462385177612
34.80218291282654
