34.8281466960907
35.109792947769165
35.37706279754639
34.977386713027954
34.92053174972534
34.91058087348938
35.110564947128296
34.72718787193298
34.9121618270874
34.80962777137756
35.346736907958984
34.98853778839111
34.83556079864502
34.72988176345825
35.01710081100464
34.81953573226929
35.24557375907898
35.316269874572754
35.0668888092041
34.513415813446045
34.73234987258911
35.14702892303467
34.799038887023926
34.60401797294617
34.77548384666443
34.961745738983154
34.72667980194092
34.60477375984192
34.883914947509766
35.420180797576904
