38.983725786209106
40.182894706726074
39.77255606651306
39.20534086227417
39.0705509185791
39.289084911346436
39.04582071304321
39.67628884315491
39.445374727249146
40.9154577255249
39.24867391586304
40.00045394897461
39.12169075012207
41.44912886619568
39.50921177864075
38.80871391296387
39.23801898956299
40.8421950340271
39.8128399848938
40.921610832214355
38.930959939956665
39.45431184768677
39.54505777359009
39.28716206550598
40.205530881881714
40.57130670547485
39.931784868240356
39.384373903274536
38.78928279876709
39.64991497993469
