34.55763101577759
35.82526874542236
35.521883964538574
34.803414821624756
34.865158796310425
34.72898483276367
34.768359899520874
34.805832862854004
35.964256048202515
35.11831474304199
35.06053185462952
34.62946796417236
35.22347283363342
34.838228940963745
35.29865789413452
34.689703702926636
35.68055486679077
35.24265384674072
35.773462772369385
34.68030285835266
34.8171820640564
34.771790742874146
35.40973687171936
35.901649951934814
34.88234496116638
35.89389181137085
34.838276863098145
34.87059497833252
35.63143181800842
35.17210078239441
